2 6 1 7 2 0 3 1 6
9 1 5 7 14 7 2 12 13 8 9 12 12 3 4 11 13 0 15 8 16 4 5 10 5 7 3 12 14 5 1 10 6 0 13 2 15
18 16 14 18 14 5 11 20 11 11 6 20 9 14 3 15 3 7 0 13 9 13 9 17 22 9 6 17 18 19 4 19 22 9 8 15 18 19 4 19 6 13 13 17 20 18 10 20 22 12 9 19 9 3 8 12 16 14 1 15 11 12 14 16 17 17 9 19 16 10 7 11 23
26 16 24 23 25 24 0 25 0 23 11 23 25 15 11 20 27 0 25 14 29 5 22 6 24 21 19 25 30 23 30 25 30 19 27 21 30 18 25 24 27 18 28 23 31 20 7 24 14 24 25 24 31 13 25 21 27 21 13 25 14 0 11 12 11 20 17 25 21 23 12 23 29 18 5 19 14 2 4 4 24 21 13 23 30 2 20 3 22 20 21 23 31 7 27 25 31 15 26 16 28 5 28 17 28
34 9 29 10 37 3 27 6 29 28 34 28 35 25 33 27 38 2 24 5 24 3 35 21 36 23 26 25 32 27 29 30 37 5 37 14 38 19 25 19 32 3 35 25 35 20 6 24 39 16 7 21 21 22 25 29 37 24 28 26 38 21 5 27 20 25 1 30 29 1 21 27 25 27 25 27 30 2 38 20 39 2 11 24 20 27 37 28 39 13 14 28 33 28 32 28 33 12 15 12 32 22 23 25 38 9 15 17 23 4 5 28 12 7 24 23 39 20 25 30 28 8 13 10 27 4 21 25 37 18 30 30 38 25 3 25 31
42 9 27 23 35 12 22 14 41 24 22 25 27 11 9 24 48 16 27 31 28 27 28 34 43 23 24 35 40 32 41 32 45 23 2 29 22 12 13 21 34 18 20 32 48 11 35 31 42 13 3 27 47 29 35 32 39 31 12 35 13 27 11 35 16 6 45 12 47 27 42 28 42 6 44 17 46 34 32 34 47 33 33 33 44 25 24 31 32 31 38 31 43 10 3 11 21 12 45 12 48 14 28 31 45 13 39 27 44 0 4 21 10 3 10 12 16 10 39 30 41 19 46 33 48 10 30 12 36 7 18 31 40 9 25 20 42 9 45 21 47 12 11 26 32 12 5 16 38 27 2 33 33 16 31 18 31 31 2 34 7 22 5 24 11 18 42 35 45
52 14 0 40 8 3 47 23 50 23 39 33 41 27 13 35 40 21 53 43 54 3 17 24 32 16 4 22 21 14 53 42 53 28 47 34 51 3 3 6 38 40 6 43 43 18 47 26 47 15 38 30 47 38 35 40 35 15 18 43 48 5 19 6 44 5 28 14 40 16 34 42 54 29 22 39 29 17 13 23 24 35 29 36 53 9 13 9 39 11 41 36 51 3 37 12 43 9 51 38 53 26 48 30 53 22 49 27 54 2 35 40 35 41 47 41 52 8 22 36 36 31 37 37 42 12 25 22 30 31 16 42 18 27 8 37 27 19 22 36 33 12 31 39 52 39 45 42 54 20 37 31 37 8 13 8 48 35 6 38 14 20 22 21 34 39 28 39 28 27 12 37 53 22 15 43 31 17 1 25 26 13 18 31 24 26 17 42 43 42 42 42 50 29 20 37 29 30 35 39 52 3 3 23 16 5 1 23 47
59 16 42 47 47 10 36 45 52 33 22 47 24 5 42 30 61 36 31 45 46 10 38 48 42 14 21 43 23 0 5 49 56 12 13 21 30 5 0 24 1 49 49 49 56 10 26 35 53 46 36 48 53 23 36 27 57 36 25 37 33 36 24 38 60 6 47 50 51 33 1 33 43 21 2 49 54 17 0 32 21 42 23 50 50 29 30 48 53 24 0 46 30 29 53 34 56 45 43 50 55 5 53 14 60 40 45 49 61 12 40 23 46 22 45 22 51 48 60 51 60 42 9 50 23 12 50 37 61 3 2 51 6 22 18 37 30 4 32 35 60 0 2 50 29 40 53 49 60 41 8 41 15 2 11 29 34 50 29 51 60 41 28 43 51 38 59 44 61 3 2 51 16 45 43 48 51 28 27 40 54 31 23 41 29 31 36 43 47 44 22 49 24 45 5 45 49 40 29 41 49 22 27 44 46 17 5 48 26 44 23 51 35 5 59 6 59 45 54 51 55 11 43 23 44 3 10 15 37 43 12 43 21 14 51 39 55
69 28 52 60 64 59 57 59 67 20 66 42 68 34 3 48 58 29 30 40 56 6 28 30 48 50 54 61 54 13 16 19 56 35 25 35 70 54 37 58 43 32 56 37 62 51 57 54 60 36 41 56 68 1 52 57 70 9 61 38 71 1 38 32 61 45 51 58 56 42 33 57 42 55 67 57 69 46 31 59 59 52 65 58 65 45 31 45 37 27 49 41 59 3 39 36 68 55 53 61 53 23 9 46 41 53 12 53 34 33 42 49 56 41 43 47 61 50 13 60 20 11 3 30 51 15 1 31 5 38 34 39 43 49 36 52 56 10 52 57 55 9 62 27 67 4 43 51 46 38 56 59 59 55 62 61 67 34 61 42 63 56 5 61 67 29 3 61 56 10 30 30 57 10 26 28 34 31 18 54 71 42 1 61 58 2 39 46 52 52 56 61 70 38 41 42 43 48 38 52 70 30 45 53 56 35 45 61 66 27 54 27 57 29 53 53 53 39 62 43 68 21 64 21 66 52 48 58 49 9 60 53 61 60 65 61 71 22 23 34 71 46 45 57 57 47 26 56 61 56 26 56 29 5 7 7 15 59 44 59 65 21 24 48 69 4 7 45 67 24 38 24 38 26 24 52 53
74 19 42 64 71 52 9 64 46 45 26 54 77 11 14 30 48 56 30 60 73 23 73 61 75 18 6 26 74 41 50 58 58 49 13 58 42 58 15 58 70 22 58 23 68 29 2 32 50 5 53 27 58 1 50 66 65 50 25 56 27 37 34 40 47 49 22 57 59 32 14 64 28 54 20 57 75 57 15 65 15 52 0 63 64 18 8 34 48 47 36 59 43 58 27 58 56 30 70 36 74 41 53 64 69 13 29 23 59 43 36 65 54 54 38 62 39 57 38 66 41 15 27 35 35 40 73 57 76 47 20 60 66 50 73 57 77 31 65 62 73 46 52 59 77 48 21 64 54 61 20 65 59 34 4 35 69 47 53 54 56 2 51 37 64 41 47 53 49 3 54 11 57 57 3 60 16 40 2 56 60 30 46 51 55 1 67 53 71 21 62 60 76 11 26 32 59 10 63 21 76 22 62 49 67 2 65 48 76 41 21 53 75 45 19 56 23 19 51 46 68 10 49 30 59 65 72 66 77 50 49 57 56 1 27 37 59 54 1 63 40 41 61 46 62 1 55 57 61 55 63 59 74 39 0 52 67 53 56 59 63 64 13 66 19 8 59 20 75 10 26 10 40 63 73 63 74 45 76 54 76 29 0 34 75 6 10 6 23 25 62 27 73 15 65 60 71
