9 7 13 6 7 1 12 17 5 5
27 13 10 4 18 20 8 7 10 15 1 4 19 9 1 8 17 2 9 10 13 1 2 14 13 15 3 20
52 17 14 11 16 12 11 6 2 13 12 17 17 18 6 7 9 8 9 17 2 14 12 4 11 4 5 19 3 5 19 11 10 19 19 4 1 4 9 17 15 15 19 1 12 1 9 1 12 14 18 3 13
71 4 18 6 11 16 18 17 5 10 5 8 9 15 9 16 16 10 14 20 16 5 20 15 3 20 16 17 4 14 3 6 16 6 18 6 14 18 6 3 14 16 3 6 14 5 15 4 12 11 14 3 6 7 14 6 11 10 2 18 16 17 2 6 4 9 16 12 18 15 18 8
110 11 1 16 8 16 9 4 16 12 7 11 1 1 20 9 19 10 19 19 18 17 19 11 15 9 19 18 14 18 3 3 3 10 16 5 4 10 14 18 5 4 15 5 13 15 15 10 9 8 10 7 7 20 11 11 15 12 4 15 17 9 1 15 14 16 5 16 15 8 3 17 19 14 5 2 19 15 14 8 2 9 1 17 8 14 9 5 8 17 20 14 11 11 11 13 6 4 19 3 11 13 20 12 4 20 13 14 3 12 12
147 15 18 2 19 6 1 18 9 12 17 16 17 8 19 2 3 11 14 10 13 3 16 14 16 14 1 1 19 13 9 9 17 8 12 5 5 4 6 19 9 5 12 6 19 17 11 2 3 18 13 12 8 20 20 12 17 18 11 12 2 8 1 6 12 3 5 13 6 5 2 14 9 2 17 6 17 20 2 6 11 13 16 2 18 19 19 18 14 7 16 16 16 3 18 7 15 13 16 13 7 3 20 8 12 16 12 6 15 7 7 10 3 12 20 8 7 5 10 10 4 9 15 4 18 15 17 13 6 11 16 5 9 8 7 14 4 16 12 12 8 8 10 8 2 16 3 7
181 7 2 17 6 6 13 19 19 15 12 13 7 17 15 14 16 20 8 10 13 20 8 10 14 15 14 19 16 5 15 1 16 5 10 20 19 19 19 7 12 19 11 13 15 13 1 20 18 3 3 20 15 14 12 5 5 12 18 11 3 3 10 10 2 3 11 8 9 18 6 13 20 5 10 20 4 3 9 8 4 2 7 14 17 5 4 10 2 18 12 4 3 14 15 1 15 7 15 11 3 19 5 11 9 15 14 18 7 16 12 15 4 15 6 16 11 20 2 15 4 19 10 19 6 14 9 17 10 9 11 2 12 16 15 3 10 12 17 10 15 7 8 3 15 6 16 20 19 2 3 7 12 10 1 17 9 12 12 15 8 6 10 7 5 18 14 5 20 6 8 18 12 14 5 5 6 17 9 5 18 20
212 9 7 8 14 16 9 5 20 20 3 17 5 15 4 16 10 18 8 17 13 5 11 7 3 16 19 5 11 12 2 13 10 7 19 7 8 2 3 16 3 11 6 1 16 20 14 17 12 16 15 4 10 11 10 7 4 6 14 12 12 8 10 12 19 4 3 7 1 9 3 16 16 19 9 6 4 2 9 5 20 11 13 17 10 11 16 2 10 16 20 12 9 11 2 12 8 6 10 18 2 17 6 8 14 20 2 13 19 17 4 12 14 5 19 9 19 15 3 4 11 8 6 5 9 20 11 1 6 19 18 12 6 3 14 11 2 3 2 12 12 13 11 19 13 12 3 7 11 2 1 16 12 5 10 12 15 15 17 6 15 16 20 4 3 6 5 5 12 16 3 18 1 11 2 10 11 15 8 12 14 17 4 3 4 19 7 9 2 13 5 11 7 13 15 7 16 18 18 9 5 16 12 18 9 11 14 6 4 11 20 4 2
227 8 16 17 16 18 12 10 6 7 19 9 16 12 16 12 6 17 2 16 13 1 13 16 11 7 20 11 12 4 5 7 1 8 19 2 5 9 2 12 4 16 4 10 20 15 2 5 2 18 18 6 14 12 3 11 13 18 20 5 16 18 10 8 12 19 10 1 9 13 19 10 16 1 19 6 9 17 4 19 10 4 14 3 2 5 6 15 19 10 8 6 10 20 2 12 17 14 18 20 14 10 3 7 6 11 7 10 3 18 12 8 2 1 6 2 17 11 14 11 4 7 11 19 11 15 5 11 10 10 19 6 18 13 12 14 19 17 20 7 5 16 18 5 1 9 6 20 4 1 15 3 18 4 3 15 8 5 2 17 9 7 1 6 1 7 10 17 3 18 12 9 17 11 10 10 13 7 12 9 2 12 17 19 11 7 12 2 3 4 10 15 8 1 19 4 12 16 18 16 8 17 6 3 3 3 7 2 2 2 12 17 11 11 5 10 17 19 1 1 8 8 9 11 15 20 4 4
258 14 2 2 1 9 10 6 5 9 9 9 6 6 14 11 4 14 16 8 13 5 5 16 16 8 19 2 8 11 7 3 20 6 10 8 18 1 1 7 14 2 4 14 20 7 10 13 13 1 17 5 17 2 11 9 9 10 16 13 10 3 19 15 18 18 5 15 9 18 12 12 9 13 2 6 13 10 14 7 14 1 14 8 17 17 16 17 15 15 5 9 12 15 2 5 8 11 11 2 5 2 16 2 19 4 17 13 1 4 3 10 17 15 15 9 16 13 6 9 12 19 7 4 5 12 17 12 9 5 17 14 5 20 4 4 8 19 11 14 18 8 2 16 19 11 20 8 18 10 2 10 14 6 13 19 10 10 13 7 7 14 17 3 16 15 14 1 10 7 20 2 11 11 16 10 1 11 4 20 20 16 15 5 2 1 19 6 9 8 16 13 19 15 6 18 17 14 6 1 17 15 3 2 1 7 8 15 14 18 5 3 14 12 20 6 1 11 10 11 6 3 1 12 18 14 7 15 9 14 4 12 16 6 9 1 9 2 16 9 12 1 15 3 4 4 3 16 8 12 9 2 13 1 10 17 4 8 7
