1028
18689
2922
26307
10090
24496
25450
27940
8440
28207
25159
19641
13044
21576
25916
28948
7768
32240
15572
10036
4446
24579
8137
5054
22036
31657
25388
7792
31762
22286
4652
24404
18170
2247
2597
20991
984
11974
27485
1035
4508
15066
26264
14270
21132
6963
29040
12088
15858
8049
28674
13206
26894
16033
1068
8532
22923
2713
5379
17016
7269
27467
23411
9654
31032
29811
24911
18044
20705
12315
30876
5065
15055
3646
14408
15851
19298
19852
22411
5841
6086
31160
21345
13657
3355
17599
7443
27189
23938
20376
15346
21475
14883
30945
20958
3
26918
26694
6118
17906
13146
1110
26863
22482
21048
3397
29063
5172
9868
27988
20117
18126
14800
10230
13865
29778
29175
15750
24870
24929
18750
22518
30880
32587
26528
4000
31387
8728
30245
12180
21924
21286
2403
27454
25091
29195
22755
29043
31958
314
16542
6245
15623
27873
17626
1715
29018
7227
1138
30565
21282
8232
32742
8790
23565
748
4008
10813
26194
25933
19618
27005
14659
5630
5930
8797
19652
2032
22520
3872
14501
13748
31653
23298
12476
20443
30591
2795
9900
4077
27429
443
26129
14736
28350
14151
17658
18734
5482
2119
15148
28012
8149
30219
27476
9441
26023
29388
30114
4550
10765
2693
26430
21239
8871
20382
11939
3581
3735
2860
20693
11260
30441
27567
31226
22855
6846
24632
8214
17775
8683
6062
32051
24526
4196
24728
20283
26444
27352
14748
30877
15468
876
23919
21791
3971
7550
28724
15513
15675
4380
30988
24173
28315
14776
3322
14945
21699
32508
3633
25887
4554
515
19790
30642
2217
20757
6111
3329
23866
26059
12377
28144
18575
30979
25990
1699
28707
18995
9948
27735
6274
20936
19203
26079
14965
8120
15719
4399
22778
23857
487
5766
27487
28041
32356
32422
28539
18185
19003
11138
3046
1163
6185
22902
1800
28531
16580
12245
5598
32393
12205
14245
3921
23423
6418
6605
6239
19377
7726
14959
144
6388
29812
17417
23961
9568
26377
22488
26259
24687
29752
25552
13216
3348
19946
4907
9644
28945
14243
3091
2645
3218
29702
29078
31697
31709
2255
2017
437
22483
10225
25959
1126
27841
6346
6281
7265
229
27692
32221
22803
12049
19497
26744
15437
6760
27034
13795
26857
22438
2766
8620
22583
23501
13888
21863
3433
16226
4531
23494
30120
5807
26120
13919
16454
403
12684
7729
17887
28857
21474
28846
30673
28814
15701
21751
20719
20979
25922
32513
22193
17366
15749
3550
3397
26625
29202
8931
12603
21670
11341
9587
23038
23291
21390
23039
14026
14201
5009
13742
29060
21872
26975
14543
25775
24696
16112
22938
18770
27944
6277
31033
11078
22670
2436
3111
6356
11783
28160
1524
10625
8100
5536
23841
16655
25590
2624
4837
9357
31635
12187
10198
4161
20018
30553
19315
16042
24687
26276
25725
5675
3265
31091
5177
19809
28576
18740
10883
23267
13411
5609
8600
9661
28887
20936
23352
26680
20959
9491
19270
14941
25655
13155
22024
20894
4438
31910
11298
9733
25339
1464
14243
28874
32485
13409
9071
10088
17009
15477
26015
900
32075
2934
13437
9705
9505
18176
5256
2702
17142
25056
